-1
4675
2787
-1
-1
-1
-1
-1
3919
-1
-1
3840
-1
7982
-1
-1
5667
-1
-1
-1
3803
-1
-1
-1
2581
-1
2142
6924
-1
2189
-1
6531
-1
3165
-1
-1
-1
-1
-1
-1
-1
-1
-1
-1
-1
-1
7626
-1
6404
-1
-1
-1
5491
-1
-1
-1
4611
-1
-1
-1
5850
-1
2745
-1
5811
-1
-1
1757
6756
6938
-1
-1
-1
3915
1843
3975
5633
1923
1302
-1
-1
2230
-1
-1
-1
4801
4750
5251
4746
2105
-1
-1
3992
-1
5132
-1
-1
3878
-1
8573
-1
-1
6083
-1
7954
-1
-1
-1
4052
3584
6111
-1
4961
3914
3168
-1
3119
6693
-1
-1
-1
2849
-1
-1
-1
6607
-1
-1
-1
8304
-1
-1
-1
2696
-1
7583
-1
-1
-1
-1
5831
1647
-1
-1
-1
4412
-1
-1
1265
-1
-1
8179
-1
7352
-1
-1
-1
5681
-1
-1
5397
7130
-1
5815
-1
-1
-1
6096
4984
-1
-1
-1
7880
-1
-1
-1
-1
4347
-1
-1
2449
4063
-1
2885
-1
-1
-1
-1
1641
-1
1438
-1
-1
2679
4358
8255
4597
-1
6895
-1
3431
8052
-1
-1
2166
2184
-1
-1
8316
8468
5789
-1
-1
-1
-1
-1
3149
-1
-1
2530
-1
7692
-1
-1
1634
5610
6768
8030
-1
-1
-1
1393
-1
-1
6995
8405
-1
-1
5168
3028
-1
-1
-1
7341
5536
-1
-1
-1
3820
-1
-1
-1
-1
-1
5867
4610
3804
-1
-1
1995
-1
4778
4137
-1
7149
-1
-1
-1
-1
4162
-1
-1
-1
-1
-1
-1
-1
-1
5661
3440
-1
6888
2678
5151
7136
-1
-1
8734
-1
-1
-1
-1
4338
2954
6542
-1
3424
-1
-1
-1
7803
-1
-1
-1
2963
-1
7705
-1
1558
-1
-1
-1
-1
-1
-1
8386
-1
2457
6822
-1
-1
1673
8529
6676
-1
3381
-1
-1
5648
-1
-1
-1
6231
2081
-1
-1
-1
-1
-1
-1
-1
8374
-1
5069
-1
-1
-1
-1
-1
-1
-1
-1
-1
-1
8413
-1
8054
-1
4775
-1
-1
-1
-1
-1
-1
-1
-1
-1
-1
7280
-1
-1
-1
-1
-1
-1
-1
-1
6469
-1
-1
-1
7313
-1
-1
-1
-1
-1
-1
-1
3932
5026
4700
-1
4911
-1
-1
2861
5354
-1
-1
6134
-1
1697
-1
-1
-1
-1
-1
7458
8146
1993
-1
-1
-1
-1
7043
-1
6431
-1
-1
-1
3151
-1
3525
-1
-1
2296
6532
-1
2508
3324
-1
6565
-1
5322
-1
-1
-1
-1
-1
-1
4089
5865
6334
5074
-1
5657
5367
8677
4639
-1
7314
-1
-1
2268
2427
6512
7100
-1
2456
2228
-1
2830
-1
-1
-1
5630
-1
5470
1522
-1
-1
6285
-1
-1
-1
-1
-1
-1
5265
3091
2945
-1
-1
5923
-1
-1
8314
-1
1374
-1
-1
2620
4044
-1
-1
-1
1359
8550
6698
-1
2154
-1
-1
6001
-1
7636
-1
1464
-1
-1
-1
5460
-1
4609
-1
-1
8572
-1
-1
3017
-1
-1
-1
-1
-1
-1
-1
-1
-1
-1
-1
-1
-1
-1
-1
-1
-1
3051
7297
-1
-1
-1
3502
-1
6365
-1
-1
-1
-1
-1
-1
8667
-1
-1
3614
-1
6017
2802
-1
2494
-1
6277
-1
-1
-1
5730
-1
1900
7410
-1
-1
-1
-1
-1
-1
-1
-1
-1
-1
2263
-1
-1
8103
-1
-1
-1
7168
-1
6500
3086
-1
-1
-1
5838
2681
-1
3113
4323
7196
-1
6975
-1
-1
-1
-1
-1
6490
7015
3508
-1
-1
-1
-1
3254
-1
4069
-1
2540
3580
-1
-1
2962
7688
-1
3500
-1
8209
-1
-1
-1
-1
8265
-1
-1
5978
6380
5938
4389
1565
-1
-1
7757
4424
-1
-1
-1
5388
-1
1901
-1
-1
-1
1453
8647
7727
3048
-1
-1
-1
-1
-1
-1
-1
-1
-1
7578
-1
-1
1717
-1
-1
6537
3819
-1
-1
8686
-1
3413
3125
5129
-1
4881
-1
7597
-1
-1
-1
-1
-1
3987
8112
-1
-1
3238
3013
-1
2903
1663
-1
-1
6560
3015
-1
4693
1811
-1
5047
5344
-1
-1
-1
-1
-1
-1
2397
-1
7537
-1
-1
-1
-1
3825
-1
-1
-1
-1
4398
2058
-1
-1
-1
-1
-1
-1
-1
-1
-1
5931
-1
-1
8628
8502
6326
-1
-1
3552
-1
-1
-1
-1
-1
3372
4762
-1
-1
2208
4535
-1
-1
-1
3453
-1
7942
-1
-1
8452
-1
4328
-1
-1
5632
-1
6689
-1
-1
5702
-1
-1
-1
2212
8601
-1
-1
3069
-1
7033
-1
7573
-1
-1
5805
7098
-1
-1
-1
-1
-1
-1
-1
1399
-1
-1
-1
-1
7397
-1
4395
-1
-1
-1
-1
-1
-1
6246
-1
-1
-1
4430
-1
4853
-1
4048
2704
5634
-1
-1
-1
3968
-1
-1
-1
2095
-1
-1
-1
-1
4065
8051
-1
-1
5409
-1
-1
-1
-1
-1
-1
-1
-1
-1
-1
-1
-1
-1
-1
-1
-1
-1
1858
-1
1985
-1
-1
-1
-1
-1
-1
3035
-1
3881
4500
-1
8156
2239
-1
-1
-1
-1
-1
-1
8062
-1
-1
1282
5672
5852
-1
5370
7165
-1
2402
1409
3897
2478
-1
4530
-1
5603
-1
-1
-1
4443
-1
-1
6340
-1
-1
-1
7140
5101
7336
-1
-1
1470
-1
6049
-1
5336
-1
-1
-1
-1
-1
6274
-1
-1
-1
-1
7466
-1
1894
-1
-1
5221
-1
6946
7857
5025
-1
6077
-1
-1
2021
7453
-1
-1
2895
6465
2661
4869
8447
-1
1388
2491
-1
8735
-1
-1
-1
-1
7079
-1
4029
3205
-1
-1
-1
-1
-1
2642
3020
-1
-1
-1
-1
3022
-1
6394
-1
4893
-1
-1
-1
-1
-1
5465
-1
-1
8442
-1
-1
4602
-1
-1
2812
-1
2890
-1
8552
4081
6013
7486
-1
-1
4317
-1
7491
6011
-1
1637
2589
4109
-1
-1
-1
-1
-1
-1
2686
-1
-1
-1
-1
-1
4341
3171
8593
2211
-1
7925
-1
-1
-1
2495
-1
7787
-1
7767
-1
3769
-1
6423
-1
-1
1346
-1
-1
-1
8514
-1
-1
-1
5166
-1
-1
2891
-1
2771
-1
-1
-1
6869
7306
-1
-1
1472
-1
-1
2707
-1
-1
6226
7157
-1
-1
6090
-1
-1
1744
-1
6086
2902
-1
-1
-1
-1
-1
-1
2205
-1
5385
-1
3589
5303
5684
-1
2965
-1
3376
5962
-1
-1
-1
-1
-1
4885
6639
4246
-1
1987
2364
-1
-1
-1
-1
-1
-1
4073
8015
-1
7939
-1
5404
4555
-1
6064
-1
-1
2421
-1
-1
5680
6507
1268
-1
6046
4584
5549
2907
6514
1628
-1
7808
2578
-1
-1
4298
3478
-1
5821
-1
-1
-1
-1
-1
-1
-1
-1
-1
7674
-1
-1
7494
7320
2880
-1
-1
-1
-1
-1
2906
-1
-1
-1
-1
4858
2727
6801
4007
-1
-1
3814
8423
5682
3264
-1
5172
-1
-1
-1
-1
-1
2853
4877
7137
-1
-1
7702
-1
-1
1909
-1
-1
-1
3980
-1
-1
-1
-1
-1
3555
-1
5627
8116
-1
-1
2374
-1
-1
-1
-1
-1
7172
7529
-1
-1
4896
7360
3963
-1
-1
-1
-1
-1
-1
5003
3640
4290
4736
-1
-1
-1
5847
-1
-1
-1
-1
2926
4237
7488
-1
3600
7069
7526
7509
1344
-1
6620
-1
8281
-1
-1
-1
-1
-1
2717
-1
-1
-1
-1
8727
-1
4463
-1
-1
-1
6145
-1
-1
-1
-1
7824
-1
-1
2474
-1
6160
-1
3827
-1
-1
-1
-1
1862
-1
-1
7968
5428
-1
-1
-1
-1
4313
-1
-1
1924
6407
-1
-1
4372
7568
5393
4223
-1
6181
5920
3025
1258
-1
3921
-1
8336
1907
-1
6987
-1
-1
4288
-1
-1
4408
-1
-1
3550
5023
-1
8273
-1
-1
-1
-1
5697
-1
-1
-1
-1
-1
-1
-1
1552
-1
4653
-1
8253
8191
6009
-1
-1
-1
6509
6057
7144
2762
-1
-1
3706
-1
3586
-1
-1
-1
6708
3115
-1
-1
-1
-1
-1
-1
-1
-1
-1
6037
-1
6060
-1
8747
-1
-1
5037
-1
-1
6314
2271
-1
2940
6355
6268
-1
3155
3824
-1
-1
2023
5236
-1
-1
-1
5401
-1
-1
-1
-1
-1
-1
4127
3215
-1
8330
1366
-1
1839
-1
-1
-1
-1
6605
-1
1408
-1
-1
8439
6165
-1
7226
-1
-1
-1
7213
-1
-1
-1
-1
6101
-1
2066
4437
-1
5812
6646
-1
-1
8563
7701
2395
3887
1660
8672
1724
-1
-1
-1
-1
2923
-1
-1
-1
8190
-1
-1
-1
-1
-1
3066
2391
-1
-1
-1
5289
-1
6963
8240
-1
-1
-1
-1
-1
2921
3628
3729
4884
1661
-1
1567
7102
2958
2037
2235
5194
7694
2135
-1
-1
-1
2595
7148
-1
-1
5713
-1
-1
-1
-1
8175
5675
-1
-1
5375
2247
-1
7777
8431
8002
-1
4779
4469
7128
-1
2794
6642
-1
-1
-1
-1
-1
-1
-1
1819
-1
1794
-1
7094
-1
4644
-1
-1
-1
2202
-1
-1
-1
7818
-1
-1
-1
6227
-1
-1
-1
2221
-1
-1
-1
-1
7914
2422
4684
4797
-1
-1
-1
-1
-1
5309
-1
-1
-1
-1
2073
-1
-1
-1
-1
3334
-1
2128
4144
4483
4047
-1
2562
-1
8566
5338
-1
-1
-1
2405
2179
-1
-1
-1
3177
-1
-1
8648
-1
-1
-1
5735
5177
-1
1835
6153
-1
-1
-1
4087
4094
-1
6396
3123
1307
-1
-1
-1
7687
2453
4136
8729
4777
-1
2797
-1
-1
-1
7485
-1
4479
7720
-1
-1
4322
-1
8198
4375
5572
-1
-1
-1
-1
-1
-1
-1
4226
7532
1783
6095
-1
7298
-1
-1
3104
2775
-1
5871
-1
-1
-1
5966
-1
6220
4737
-1
3783
3366
3753
-1
-1
6158
-1
5422
5332
4895
-1
-1
5518
-1
-1
-1
2396
-1
6446
-1
-1
-1
-1
-1
6330
-1
2793
-1
-1
-1
-1
-1
-1
-1
-1
-1
3922
4943
-1
-1
-1
-1
1379
-1
5455
-1
1498
-1
6258
-1
7058
6319
-1
-1
-1
-1
3610
2059
3858
-1
5539
-1
-1
7233
-1
-1
3197
-1
2298
4425
2946
-1
-1
-1
-1
-1
7927
5649
-1
4744
-1
2810
-1
1999
6439
-1
5240
5086
-1
-1
-1
2969
-1
-1
-1
4517
-1
7101
-1
6362
2199
7211
-1
-1
-1
-1
5883
7325
7791
-1
5985
-1
-1
-1
-1
-1
-1
-1
-1
-1
-1
-1
5538
-1
-1
8738
6074
-1
4705
-1
2408
-1
-1
-1
-1
5824
-1
6412
-1
3211
-1
-1
-1
-1
-1
4227
-1
-1
6606
-1
-1
-1
7835
6039
4625
-1
-1
6206
8571
-1
-1
-1
-1
-1
-1
-1
7074
8383
-1
-1
2804
6373
5568
8144
-1
-1
-1
-1
-1
5699
5293
-1
-1
-1
4308
-1
-1
-1
6310
4958
-1
5410
4604
-1
1518
-1
4066
-1
-1
2378
-1
-1
2137
5438
-1
-1
8177
-1
-1
-1
8022
-1
-1
4848
3084
-1
-1
-1
-1
8188
3109
-1
1722
-1
3900
7876
-1
-1
-1
-1
3800
-1
3220
-1
6189
-1
6797
8495
-1
6481
-1
-1
4906
7633
-1
-1
4031
5095
-1
-1
5185
-1
-1
-1
-1
7668
-1
4629
-1
-1
-1
-1
7095
4195
7326
-1
-1
-1
-1
3839
-1
5793
-1
3849
1957
-1
-1
-1
-1
-1
1541
5488
5607
8718
-1
8541
6936
-1
-1
-1
5794
-1
-1
7260
8696
5773
-1
-1
7086
-1
-1
-1
-1
-1
4673
-1
6468
-1
7147
-1
-1
7106
-1
-1
-1
2426
-1
-1
-1
1860
-1
-1
-1
-1
2356
-1
-1
5587
7684
4446
-1
6438
-1
1337
3815
-1
2122
5335
-1
7700
-1
6413
-1
-1
-1
4516
-1
7845
3446
-1
-1
-1
-1
-1
-1
-1
-1
-1
2088
-1
-1
7430
-1
-1
4782
6747
-1
-1
7527
-1
-1
-1
2498
2225
-1
7755
-1
-1
-1
7357
-1
3635
1474
6625
8585
-1
-1
2875
-1
6400
-1
-1
-1
-1
2117
8610
3218
-1
-1
2070
-1
-1
6586
-1
-1
-1
-1
-1
-1
-1
3812
-1
-1
5928
-1
1309
-1
7206
4016
-1
3161
-1
-1
4647
-1
-1
7337
-1
-1
5139
-1
-1
4854
-1
-1
-1
6874
-1
-1
-1
-1
-1
-1
5767
-1
3497
5534
-1
-1
-1
-1
-1
5089
-1
7802
-1
8283
-1
6817
-1
-1
-1
5429
3574
-1
-1
8603
7156
8206
1487
2089
5967
3578
-1
-1
7754
2275
6880
-1
4852
3998
-1
3466
2016
-1
7234
-1
-1
4371
-1
-1
-1
-1
-1
-1
-1
-1
1318
-1
3930
-1
4589
-1
-1
6528
5329
-1
-1
-1
-1
-1
3601
2485
-1
-1
-1
-1
6078
-1
-1
-1
2900
2440
-1
-1
7292
-1
-1
-1
5894
-1
-1
-1
-1
3354
3732
7450
-1
-1
-1
-1
2160
-1
-1
7028
-1
-1
3536
6999
4383
4540
6443
3515
4733
-1
2818
6290
4020
-1
-1
8313
-1
4423
-1
2922
-1
-1
3926
-1
4863
2604
-1
3782
8008
6652
6004
1473
-1
-1
1796
-1
6980
-1
-1
5741
4712
-1
-1
1327
-1
4008
5840
-1
-1
-1
4481
-1
2327
7928
-1
-1
-1
-1
6164
-1
-1
-1
-1
1467
-1
-1
6577
-1
5615
5403
8576
6581
2323
-1
-1
-1
-1
-1
-1
1686
8085
-1
-1
-1
2361
6388
-1
-1
-1
-1
1867
-1
-1
5352
6566
-1
-1
6292
-1
-1
2213
8110
-1
-1
-1
-1
-1
6937
-1
-1
-1
1962
-1
-1
1615
-1
2627
-1
-1
4915
-1
1748
-1
-1
-1
-1
5758
-1
-1
3809
-1
-1
-1
2303
-1
-1
-1
-1
6414
7595
1368
1584
-1
-1
-1
-1
-1
-1
-1
-1
5103
-1
7141
4166
-1
-1
6628
-1
5739
7711
6615
2354
6711
1512
-1
-1
-1
2357
-1
3321
-1
-1
-1
-1
5774
-1
-1
-1
8004
-1
-1
-1
-1
4754
7163
-1
1927
-1
4025
-1
-1
-1
1716
-1
4217
-1
-1
4983
-1
-1
6023
-1
-1
-1
-1
2874
-1
-1
5694
5891
-1
-1
-1
2019
2886
8039
4912
2838
-1
2833
-1
-1
-1
2548
-1
3938
7031
-1
-1
-1
6146
-1
-1
-1
2246
-1
5915
1844
-1
-1
3374
2779
3945
-1
-1
8517
-1
-1
-1
-1
-1
-1
-1
-1
2766
-1
-1
7797
-1
-1
7390
-1
-1
2977
-1
-1
-1
-1
-1
-1
-1
7985
4844
3793
7125
-1
-1
-1
-1
-1
3037
3618
-1
7329
-1
-1
-1
4022
1612
-1
-1
2380
-1
-1
-1
-1
-1
-1
3595
-1
-1
5218
-1
-1
-1
-1
-1
-1
4740
5729
-1
-1
-1
-1
-1
6697
2967
-1
-1
-1
8674
-1
-1
7082
-1
-1
-1
-1
6535
-1
-1
7896
-1
-1
2314
5175
-1
-1
-1
-1
8470
-1
-1
5859
-1
-1
8545
-1
-1
-1
-1
4280
-1
5500
-1
6308
3426
8521
-1
-1
-1
-1
-1
-1
-1
-1
-1
-1
-1
-1
-1
-1
6508
1776
1676
4343
-1
6731
-1
6109
3810
3349
-1
-1
2346
7186
6836
-1
8272
-1
-1
-1
-1
7966
-1
1291
-1
-1
-1
-1
6321
-1
-1
-1
-1
-1
-1
-1
-1
-1
4876
-1
4901
-1
-1
1503
4942
-1
-1
-1
-1
-1
-1
-1
-1
-1
4751
-1
-1
3465
-1
-1
-1
7143
-1
5063
1820
8687
-1
2781
-1
5244
7338
-1
-1
7965
4851
-1
8703
-1
-1
-1
-1
-1
3949
3841
3875
-1
-1
-1
-1
5057
-1
-1
-1
-1
2636
3798
-1
-1
1259
-1
-1
-1
-1
-1
-1
1644
-1
-1
-1
-1
-1
-1
4125
-1
-1
4178
-1
-1
-1
-1
-1
7469
-1
7055
-1
-1
-1
4099
-1
-1
-1
-1
8068
6281
-1
-1
-1
-1
3190
6810
-1
4518
-1
-1
-1
-1
-1
4723
6783
-1
-1
-1
-1
-1
-1
-1
-1
-1
5841
2619
-1
6827
-1
-1
1406
5105
-1
-1
6383
2947
6236
-1
-1
6803
-1
6028
6521
-1
-1
-1
-1
7788
-1
2054
-1
-1
-1
-1
6320
-1
-1
3902
7679
5183
-1
-1
-1
-1
-1
-1
3268
-1
-1
-1
-1
-1
-1
7591
-1
-1
-1
-1
-1
3538
-1
-1
-1
-1
8587
7078
-1
-1
-1
6862
-1
-1
-1
-1
-1
-1
3314
-1
-1
-1
-1
4404
-1
-1
-1
-1
8459
-1
-1
5864
-1
1375
-1
-1
-1
5160
-1
-1
-1
-1
-1
-1
-1
-1
-1
-1
-1
-1
-1
-1
5020
-1
-1
-1
6298
6902
-1
-1
2256
-1
3713
-1
-1
6230
-1
5663
-1
-1
8279
-1
-1
-1
-1
1505
3183
2705
6156
-1
4496
5569
-1
-1
-1
7952
4158
6847
-1
-1
-1
-1
-1
7681
-1
7179
-1
-1
7662
-1
-1
-1
-1
7318
-1
-1
5958
-1
-1
-1
6003
7731
-1
5273
5272
-1
8544
7950
-1
-1
2470
-1
4617
-1
-1
3050
8540
-1
-1
-1
4017
-1
-1
4445
5727
-1
4861
-1
-1
-1
-1
8124
2723
-1
-1
-1
8251
-1
-1
-1
-1
2388
-1
-1
3937
7993
-1
-1
-1
1316
-1
-1
-1
1934
-1
-1
5178
-1
5961
-1
-1
2113
-1
8087
-1
-1
3375
3755
6125
-1
1968
-1
2145
3043
-1
-1
6782
-1
1831
6275
8009
6609
7959
-1
-1
7121
-1
7096
-1
-1
5692
-1
4935
-1
5110
-1
-1
7358
-1
1687
-1
2306
6666
5952
5625
-1
-1
-1
-1
4369
-1
-1
-1
-1
-1
-1
-1
-1
-1
-1
-1
-1
4570
3326
-1
4810
4429
-1
-1
2332
-1
-1
-1
-1
-1
-1
-1
-1
-1
-1
2419
-1
-1
8256
-1
-1
-1
2588
4208
7587
-1
8083
-1
-1
-1
-1
-1
4891
2840
-1
-1
-1
1941
-1
5605
7382
-1
4006
3137
7628
-1
-1
7070
3425
8694
-1
-1
3657
7931
6350
-1
2044
-1
2602
-1
3379
2119
-1
-1
-1
4528
-1
-1
-1
4111
1577
-1
-1
7392
5750
-1
-1
6992
4242
-1
-1
-1
6623
-1
-1
8708
-1
-1
2554
3799
-1
-1
-1
-1
-1
5988
-1
1786
7331
-1
-1
-1
-1
-1
-1
6661
-1
-1
-1
-1
-1
2214
4157
-1
-1
8716
-1
2728
7776
-1
7619
-1
-1
6318
-1
4396
4866
-1
-1
-1
6196
-1
-1
2822
-1
8590
7584
-1
-1
-1
-1
-1
-1
-1
-1
-1
-1
-1
-1
5075
7401
2974
1983
-1
8136
-1
2061
7132
-1
-1
7769
-1
-1
5247
-1
-1
-1
8294
-1
8712
2708
-1
-1
1312
3416
3638
-1
3761
-1
-1
8234
-1
-1
-1
6559
1712
6934
-1
-1
-1
-1
6370
-1
-1
-1
-1
-1
7645
1538
-1
-1
2236
-1
-1
-1
3021
-1
-1
-1
-1
-1
7760
2928
2439
8726
-1
4078
-1
4267
5626
1750
-1
2053
-1
5755
4940
-1
-1
-1
5417
-1
-1
-1
-1
3682
-1
4498
6357
-1
-1
6650
-1
-1
-1
-1
1729
-1
-1
-1
6432
5027
-1
2229
-1
-1
-1
-1
-1
-1
-1
-1
-1
-1
-1
-1
6638
-1
-1
-1
-1
6042
-1
2901
7436
-1
-1
-1
5782
2461
2178
-1
-1
-1
-1
-1
-1
2437
1963
-1
-1
-1
-1
5843
-1
-1
-1
-1
-1
-1
-1
7005
-1
-1
-1
-1
-1
-1
6395
-1
4523
7823
5874
-1
-1
4559
-1
4501
6763
8746
-1
4920
-1
4554
-1
-1
-1
7316
-1
7846
-1
7630
-1
-1
-1
4826
4897
7559
7589
-1
4442
5109
-1
-1
-1
-1
-1
-1
-1
6117
-1
2610
-1
1913
-1
-1
-1
-1
-1
-1
-1
-1
4711
-1
-1
7048
6881
4433
-1
-1
-1
5466
-1
-1
-1
1371
-1
-1
4350
-1
-1
4292
-1
-1
5977
-1
8490
-1
3450
5475
-1
2878
-1
-1
-1
5337
1263
3973
4268
5809
-1
-1
-1
3026
-1
-1
5285
4633
5333
-1
-1
6000
-1
-1
1274
6713
-1
-1
-1
-1
8695
-1
-1
-1
6072
7426
-1
-1
-1
-1
-1
-1
-1
1971
6065
-1
-1
-1
-1
-1
3588
-1
2109
-1
-1
-1
-1
-1
1531
-1
-1
8020
-1
4721
-1
-1
-1
-1
-1
-1
-1
-1
-1
-1
-1
-1
-1
7068
-1
7262
-1
-1
-1
-1
-1
-1
-1
4492
-1
-1
5474
-1
-1
-1
1674
-1
6984
-1
6239
-1
-1
-1
-1
-1
-1
-1
-1
-1
1589
-1
5169
-1
2196
2341
3747
-1
1675
2896
-1
-1
2791
3270
-1
5912
4490
4913
7384
-1
4402
4254
-1
-1
-1
4439
2759
5230
7489
-1
-1
-1
-1
-1
7006
1708
8397
-1
-1
8216
-1
-1
-1
-1
2270
6717
-1
-1
-1
-1
8698
5142
-1
3363
-1
-1
7388
-1
-1
7019
4783
-1
-1
-1
-1
6076
1885
5904
7695
-1
-1
-1
-1
6286
-1
6737
8678
-1
-1
-1
-1
-1
5664
-1
-1
6053
6712
-1
-1
7258
-1
-1
-1
-1
-1
-1
-1
6724
2699
-1
-1
-1
-1
7317
3331
4360
-1
5842
-1
-1
-1
-1
3186
-1
3158
6052
-1
5611
-1
-1
-1
1814
7893
-1
2194
6376
-1
6106
-1
4250
-1
-1
-1
8641
-1
3122
1504
-1
2255
2515
5096
-1
-1
8289
7930
5822
5760
6853
7744
-1
6749
-1
7926
-1
-1
4271
6715
3058
-1
-1
-1
8440
5577
-1
-1
1869
-1
-1
-1
1493
-1
-1
7831
-1
-1
-1
5597
4274
6462
-1
6558
-1
-1
2580
7666
1852
7913
5098
3390
-1
2929
8296
-1
5456
-1
-1
2222
-1
-1
-1
1285
-1
-1
-1
-1
-1
-1
-1
-1
-1
4161
-1
-1
2982
6127
-1
-1
-1
-1
2383
-1
7729
-1
8248
3565
-1
2062
8664
4316
-1
7245
-1
-1
-1
-1
4201
-1
-1
5072
-1
4572
-1
2245
-1
-1
-1
-1
-1
7451
-1
-1
1787
-1
3548
1435
5689
4678
6983
7723
-1
-1
-1
-1
-1
-1
7582
-1
-1
-1
2032
2097
1324
6863
6331
-1
-1
-1
-1
-1
-1
4151
-1
7383
-1
3481
-1
-1
1458
-1
-1
-1
5323
3934
-1
-1
5762
8193
6675
4974
-1
-1
-1
8596
-1
2168
4793
-1
-1
-1
-1
-1
4146
-1
-1
-1
-1
-1
6449
5707
7013
-1
-1
-1
5440
4117
1499
5624
-1
-1
-1
-1
2417
-1
-1
7924
5259
2004
-1
-1
-1
-1
-1
6771
-1
-1
1669
4049
8373
6455
1918
-1
-1
-1
-1
-1
4680
4569
-1
-1
6238
-1
-1
1562
-1
8636
-1
-1
-1
-1
-1
-1
-1
-1
-1
-1
5828
-1
-1
-1
-1
-1
-1
2343
-1
7272
-1
-1
-1
-1
7309
-1
8056
-1
-1
-1
-1
-1
-1
-1
4291
7175
3547
-1
-1
-1
-1
-1
-1
1683
-1
-1
-1
-1
5327
-1
-1
-1
6422
-1
-1
1354
-1
-1
-1
-1
2897
5892
-1
-1
-1
-1
-1
-1
-1
-1
-1
-1
-1
-1
-1
3212
-1
3982
6087
3596
2276
-1
-1
4407
2074
1802
-1
-1
6665
5473
-1
2445
-1
-1
-1
-1
7349
2955
5507
-1
-1
6669
5512
7634
-1
-1
-1
-1
-1
-1
2206
-1
2953
-1
2108
-1
-1
-1
-1
3373
-1
1283
-1
4366
-1
3054
-1
2269
-1
8337
-1
-1
-1
-1
-1
-1
-1
8504
-1
7440
7558
-1
-1
-1
6374
2340
4999
-1
3863
4756
-1
-1
-1
5797
4512
-1
1991
4072
-1
-1
-1
-1
-1
6520
3522
-1
-1
4577
-1
-1
-1
7531
-1
-1
-1
-1
-1
1940
5791
4474
2020
-1
-1
4856
-1
-1
-1
2210
7917
-1
-1
7508
-1
1801
5224
-1
-1
-1
-1
-1
2864
1884
3027
3885
-1
-1
-1
4129
7553
1369
-1
8579
2027
-1
-1
-1
-1
-1
-1
-1
3597
-1
-1
-1
6953
-1
-1
-1
8096
4946
-1
7556
-1
-1
-1
-1
-1
-1
4676
-1
-1
-1
2655
-1
-1
5666
-1
-1
-1
-1
-1
-1
-1
2254
-1
-1
-1
-1
7895
-1
3072
-1
-1
5005
-1
1692
2170
-1
-1
-1
6260
8433
2107
5041
-1
-1
-1
-1
-1
2026
-1
5439
3118
2071
-1
-1
3754
-1
-1
4975
6700
-1
-1
-1
-1
-1
-1
-1
3361
8427
-1
-1
-1
7800
-1
3894
-1
-1
-1
7319
-1
-1
-1
-1
-1
3788
6510
7201
2647
8017
-1
6448
-1
5504
-1
-1
-1
-1
-1
2754
2677
-1
-1
7185
4671
-1
5394
2520
-1
-1
6908
5055
7504
-1
-1
-1
7686
-1
-1
-1
6068
-1
-1
-1
-1
-1
-1
-1
6511
-1
-1
4548
-1
1585
-1
-1
-1
-1
-1
-1
-1
1560
-1
-1
-1
7408
-1
8119
-1
2624
-1
2042
6364
-1
1856
-1
-1
-1
-1
-1
8679
6549
4573
6920
-1
8474
3852
7008
3728
1415
5668
6267
-1
-1
-1
-1
7347
-1
-1
-1
4252
-1
-1
-1
-1
-1
4761
-1
4537
4478
4265
-1
-1
-1
1766
-1
1810
-1
-1
-1
6772
-1
-1
-1
4874
6636
7265
-1
5118
8318
2983
7335
-1
-1
-1
-1
-1
3132
8463
3807
7547
-1
1652
-1
-1
6339
-1
6269
-1
1588
-1
6540
-1
-1
-1
-1
-1
-1
-1
-1
-1
-1
-1
-1
8292
1594
-1
1320
-1
-1
-1
-1
6250
-1
-1
-1
-1
-1
-1
-1
-1
-1
-1
6210
-1
-1
-1
-1
7522
-1
-1
6523
-1
-1
-1
-1
-1
-1
-1
5190
-1
1310
2130
-1
4377
-1
-1
3437
-1
5443
3558
-1
4095
-1
-1
-1
-1
3676
1381
1595
5556
-1
-1
4045
-1
-1
-1
5471
4023
-1
-1
7254
-1
-1
1446
-1
1792
-1
3295
-1
-1
-1
-1
-1
-1
-1
-1
-1
4773
-1
7110
8513
-1
-1
-1
6681
-1
5499
2839
-1
-1
-1
3572
4115
-1
3159
5623
3088
7248
6378
-1
-1
2834
3488
-1
7935
-1
-1
-1
-1
-1
4515
-1
6651
6843
-1
5561
7763
-1
-1
-1
-1
5581
-1
4324
-1
-1
-1
2373
-1
4334
3449
-1
-1
-1
-1
-1
2820
-1
4972
-1
2746
-1
-1
-1
-1
-1
-1
7218
-1
-1
-1
-1
6119
3292
-1
-1
3993
5724
-1
2103
6587
3260
-1
-1
-1
-1
7617
2484
-1
4325
-1
-1
-1
-1
-1
2541
-1
-1
-1
-1
3530
3063
6802
-1
5686
3249
3060
-1
-1
-1
7448
6530
-1
6582
3943
4286
-1
-1
2106
-1
-1
6399
6279
-1
-1
2971
8732
5425
-1
-1
-1
8530
6016
4606
-1
2847
7444
6672
-1
-1
2216
-1
4732
-1
-1
-1
8050
5420
-1
-1
-1
6947
-1
-1
-1
-1
-1
-1
2514
-1
-1
-1
-1
-1
5121
-1
-1
4553
5866
2747
3018
-1
1944
-1
-1
8693
-1
-1
5776
-1
6436
-1
7394
6219
-1
-1
4806
-1
7039
-1
6726
-1
-1
6742
-1
-1
-1
-1
-1
-1
-1
-1
-1
-1
-1
3737
4563
-1
-1
7916
6627
2065
4228
6851
-1
4150
-1
-1
5584
-1
8182
6752
4413
-1
-1
-1
6403
-1
1449
-1
8092
-1
7088
-1
-1
5191
-1
-1
2311
-1
7139
-1
8308
-1
-1
5274
-1
-1
2837
1943
-1
-1
-1
-1
2935
-1
-1
6907
-1
-1
-1
-1
2302
4240
-1
-1
-1
-1
-1
-1
-1
5893
7973
-1
-1
1680
8288
8094
-1
-1
-1
-1
-1
-1
-1
-1
-1
3510
-1
4768
-1
5158
5907
-1
-1
-1
-1
8257
-1
-1
-1
3797
-1
8157
2029
-1
-1
-1
-1
2872
2565
-1
-1
-1
7405
3648
-1
-1
-1
-1
6097
-1
-1
-1
6969
-1
-1
-1
-1
-1
-1
-1
2996
1364
-1
-1
1654
-1
-1
3053
-1
7761
6993
-1
-1
6391
-1
6433
5801
-1
-1
2957
6617
3686
-1
-1
-1
-1
-1
-1
-1
4871
6020
7268
-1
-1
3835
-1
-1
8702
-1
-1
-1
8394
-1
-1
3482
-1
-1
3524
-1
3420
6744
4748
7203
-1
-1
-1
6025
3850
-1
-1
-1
-1
-1
-1
7189
2706
-1
-1
-1
-1
-1
5031
-1
-1
-1
4992
-1
5799
6894
-1
-1
-1
-1
-1
8315
-1
-1
8705
-1
8737
-1
-1
-1
-1
-1
-1
7191
-1
8420
-1
-1
-1
-1
3727
-1
-1
8013
-1
-1
-1
-1
-1
-1
-1
-1
-1
2862
-1
-1
2242
-1
-1
-1
-1
8654
-1
8599
-1
-1
-1
6140
-1
1249
-1
-1
-1
1761
-1
-1
2564
-1
-1
2466
-1
-1
-1
-1
-1
-1
7869
1439
-1
7611
-1
-1
-1
2772
2267
-1
-1
3501
-1
-1
2800
8638
-1
-1
2835
-1
5437
-1
-1
3230
2587
-1
5503
3853
-1
-1
-1
6927
-1
-1
-1
3774
2064
-1
-1
1269
3188
-1
-1
-1
-1
-1
-1
-1
5835
-1
-1
-1
-1
3658
-1
-1
2545
-1
-1
7677
8149
5013
-1
1401
6593
-1
-1
-1
7274
-1
-1
-1
-1
-1
4640
-1
-1
4827
3617
2181
-1
-1
6116
1937
2951
-1
-1
7612
-1
-1
8322
-1
-1
-1
-1
-1
2140
-1
-1
6419
-1
-1
8167
3073
2713
-1
5472
-1
-1
-1
4466
-1
-1
-1
-1
8733
-1
5687
3752
8369
-1
4976
-1
-1
-1
-1
-1
3823
7766
-1
-1
7594
-1
-1
-1
-1
1878
-1
-1
-1
7170
-1
5751
7724
8546
2403
4665
-1
-1
-1
-1
-1
-1
7153
-1
-1
5898
-1
-1
-1
-1
6544
6941
-1
-1
-1
-1
3744
-1
-1
-1
-1
-1
5993
-1
7302
-1
7929
7616
-1
-1
8254
-1
-1
4082
-1
3401
-1
-1
1789
-1
-1
5019
5999
-1
-1
5125
-1
-1
7239
-1
-1
7432
8409
-1
-1
4539
-1
3406
-1
2165
7551
-1
-1
4420
-1
-1
2139
3385
-1
-1
1772
3144
-1
-1
-1
6389
-1
-1
-1
1998
-1
-1
-1
-1
-1
-1
6548
-1
-1
-1
-1
4702
6766
-1
-1
2424
6554
7281
6996
-1
-1
3258
-1
5516
2099
-1
-1
5436
7195
-1
2932
-1
-1
-1
-1
2518
8114
-1
-1
-1
-1
-1
4449
-1
-1
-1
8342
2863
7308
-1
-1
-1
-1
-1
-1
-1
-1
6447
-1
-1
-1
-1
-1
-1
-1
-1
6892
-1
-1
4207
4186
6029
-1
-1
4009
3742
-1
5318
-1
4567
6329
-1
8533
-1
-1
5529
-1
-1
6302
-1
-1
4995
-1
3506
3250
-1
-1
3417
-1
-1
7953
-1
-1
3269
-1
3607
-1
-1
-1
-1
4925
-1
1818
-1
-1
-1
-1
-1
-1
-1
5469
-1
-1
-1
-1
-1
-1
4177
-1
-1
8014
-1
-1
5108
-1
-1
-1
6991
-1
-1
-1
-1
-1
8389
1914
5453
-1
-1
3210
-1
-1
3518
4929
-1
-1
-1
7909
-1
-1
-1
5946
-1
-1
6649
-1
-1
-1
-1
-1
-1
6137
-1
4026
-1
-1
6175
4101
-1
3251
-1
-1
7533
6291
-1
-1
-1
2916
3049
7250
5091
-1
-1
8682
-1
-1
-1
-1
-1
7741
2555
8275
-1
-1
-1
6696
-1
-1
-1
5447
6685
2132
2432
-1
5530
-1
5193
-1
-1
5647
3306
6692
7089
1710
3014
2157
6657
-1
-1
1931
-1
-1
-1
1902
-1
-1
-1
-1
-1
2673
6048
8223
7764
-1
-1
-1
-1
5165
-1
-1
-1
-1
-1
2333
-1
6543
-1
5614
8297
-1
6691
4164
2012
-1
-1
-1
-1
8531
7516
-1
-1
2999
8066
4531
6727
-1
-1
8171
-1
-1
4718
-1
4315
-1
2780
-1
4076
1424
-1
2598
-1
-1
-1
-1
6707
5733
-1
6237
-1
-1
5389
-1
-1
-1
-1
7535
-1
-1
3023
1417
7042
3409
-1
-1
-1
-1
5449
-1
4418
2593
-1
-1
8180
8170
-1
-1
5314
-1
-1
7804
-1
3886
-1
8391
-1
-1
-1
-1
2625
-1
8653
-1
-1
-1
-1
5008
-1
1864
-1
-1
-1
2909
-1
-1
-1
3899
-1
2204
-1
-1
-1
-1
-1
-1
-1
-1
-1
-1
-1
-1
2567
2573
3862
-1
5501
-1
-1
-1
-1
-1
2215
3179
-1
3364
-1
2279
-1
-1
-1
1951
-1
4454
6820
-1
-1
7698
-1
-1
1610
-1
3830
-1
-1
-1
1618
5123
2761
3611
-1
3677
-1
-1
-1
7941
2543
-1
2188
4770
-1
-1
6970
2362
7142
-1
1290
-1
-1
-1
-1
8034
-1
-1
-1
1570
-1
-1
-1
-1
-1
-1
-1
3556
-1
4986
-1
-1
7827
-1
8538
-1
-1
3499
-1
6897
-1
-1
-1
-1
-1
-1
-1
-1
-1
8339
-1
-1
1507
-1
-1
6256
-1
-1
-1
-1
-1
-1
-1
-1
4434
-1
-1
-1
-1
-1
1284
2985
-1
-1
7026
-1
3052
-1
-1
1655
-1
5364
-1
-1
-1
-1
8476
-1
-1
-1
-1
-1
-1
7465
-1
-1
-1
-1
2764
2147
-1
2265
-1
-1
-1
-1
5906
2120
-1
-1
-1
-1
-1
-1
6553
-1
-1
-1
3423
-1
1725
7363
-1
2273
-1
-1
4260
1726
-1
1355
-1
-1
-1
8007
4034
-1
3204
6736
-1
-1
-1
-1
-1
-1
-1
-1
-1
8324
-1
-1
-1
-1
-1
6301
5884
-1
-1
6489
4955
-1
3693
-1
2250
-1
6595
-1
-1
-1
-1
4708
-1
-1
7713
6824
5526
-1
-1
-1
3694
-1
-1
8225
7200
8091
-1
-1
7667
-1
7715
5304
2319
8699
-1
-1
7758
-1
-1
1500
6745
-1
1653
-1
-1
-1
-1
-1
6900
-1
-1
5339
-1
8037
-1
-1
-1
4970
7814
6112
8480
3105
-1
-1
-1
-1
-1
-1
8554
-1
-1
6678
5948
-1
8063
3127
-1
6225
7887
-1
3181
1295
4951
1573
7721
-1
-1
-1
6632
7750
-1
2846
7291
-1
-1
4624
-1
2051
-1
-1
4119
-1
-1
-1
-1
-1
-1
5818
-1
2406
7557
8135
-1
3315
-1
-1
-1
7728
-1
-1
-1
-1
-1
-1
-1
-1
6882
8485
-1
-1
-1
5922
-1
-1
4080
7400
-1
-1
4107
5642
-1
-1
-1
-1
-1
-1
1299
-1
-1
4364
5951
7783
-1
6890
-1
-1
7964
-1
5942
-1
-1
-1
7851
-1
2586
3734
5522
-1
-1
-1
-1
7881
-1
-1
-1
-1
-1
5378
3641
1816
2500
-1
-1
-1
4299
-1
-1
-1
7726
-1
2966
-1
-1
-1
-1
-1
-1
-1
-1
-1
8138
-1
-1
-1
6159
-1
-1
-1
5829
-1
-1
1793
-1
5765
-1
-1
-1
-1
-1
2411
-1
-1
-1
7622
-1
2944
4949
-1
-1
-1
4480
1272
-1
-1
1413
-1
-1
3106
8317
3924
4264
6263
-1
-1
-1
2448
5216
-1
1842
-1
-1
-1
-1
-1
-1
-1
1488
-1
6855
-1
3484
-1
-1
2344
-1
-1
-1
2258
-1
-1
-1
5237
-1
-1
-1
-1
-1
-1
5365
-1
-1
-1
-1
-1
-1
-1
6409
6585
-1
2568
-1
-1
7512
-1
3176
-1
-1
-1
3523
-1
1875
-1
-1
-1
-1
-1
-1
8122
-1
-1
7795
-1
-1
-1
1478
-1
5635
-1
-1
-1
-1
6658
-1
-1
-1
-1
-1
7886
6770
2964
7359
-1
7790
-1
-1
3193
-1
-1
-1
-1
2915
-1
-1
-1
4821
-1
-1
4789
-1
1711
7796
2575
2077
-1
4735
-1
2131
5932
-1
-1
4450
-1
5844
-1
3994
7519
-1
-1
-1
1352
3279
-1
1942
-1
3195
-1
2465
-1
-1
8408
2067
-1
-1
-1
-1
-1
-1
1664
3068
-1
-1
-1
-1
-1
-1
-1
-1
-1
3303
2811
-1
2404
3243
-1
-1
-1
-1
5282
-1
5909
-1
5231
2093
8140
2409
5656
-1
3247
-1
-1
-1
-1
-1
6356
-1
5688
1703
-1
-1
-1
3711
2851
-1
-1
3189
-1
-1
-1
3090
3464
-1
-1
-1
-1
-1
2126
6418
-1
-1
-1
1767
-1
-1
-1
-1
-1
7413
-1
-1
3808
-1
8665
-1
5740
1382
8229
-1
6757
-1
6440
1315
1581
-1
2525
-1
-1
-1
-1
-1
-1
-1
-1
-1
4064
4587
1881
-1
-1
-1
-1
4084
1741
-1
3939
5094
-1
1665
-1
-1
-1
5860
7003
8410
-1
5903
-1
-1
-1
3866
2312
-1
-1
-1
3879
4908
-1
-1
5400
3680
2526
-1
-1
-1
-1
-1
-1
-1
6014
5441
-1
-1
-1
-1
2596
-1
-1
-1
-1
7933
-1
7380
7076
-1
-1
-1
-1
4312
-1
8650
2689
-1
-1
-1
-1
-1
-1
-1
-1
1752
-1
-1
-1
-1
-1
-1
-1
-1
3795
-1
-1
-1
-1
7604
6306
4562
-1
-1
-1
-1
-1
-1
1480
-1
-1
-1
1830
-1
-1
-1
-1
1414
-1
2994
-1
-1
7660
-1
5391
-1
-1
4659
6601
-1
-1
-1
-1
7198
1734
-1
-1
3959
-1
-1
-1
1701
-1
5174
7376
-1
-1
-1
7402
-1
7034
-1
5356
-1
-1
4092
6610
-1
-1
-1
-1
4388
-1
-1
-1
5156
6743
2883
5759
-1
6456
5257
-1
-1
-1
-1
-1
8189
-1
-1
-1
-1
-1
7497
-1
1482
-1
6710
-1
-1
4050
-1
-1
-1
5783
-1
3666
-1
2076
-1
-1
1437
2447
-1
-1
2879
4329
-1
2995
-1
-1
-1
-1
-1
-1
-1
-1
8595
-1
-1
7307
-1
4549
-1
-1
8141
2601
8486
-1
6091
5359
8512
4820
-1
3789
-1
2691
-1
-1
-1
5715
2174
6223
8131
8500
2732
-1
5415
-1
6079
-1
-1
6415
5112
-1
1253
-1
-1
-1
-1
-1
6904
3427
-1
-1
-1
-1
4170
-1
-1
-1
6307
4637
-1
-1
-1
-1
-1
-1
-1
-1
1874
-1
-1
7562
4333
-1
-1
-1
5574
-1
2287
3418
-1
-1
-1
-1
-1
7472
-1
6574
-1
-1
-1
-1
5382
-1
-1
3198
-1
7385
-1
2718
-1
4351
-1
6982
6451
-1
-1
-1
-1
3340
-1
5547
6171
-1
-1
5533
4720
-1
4956
-1
8465
-1
-1
-1
-1
-1
-1
-1
8235
-1
-1
-1
-1
-1
-1
-1
4812
8148
-1
-1
8303
3942
-1
-1
1873
-1
-1
-1
-1
-1
-1
-1
-1
-1
-1
-1
-1
2749
-1
-1
-1
-1
-1
-1
-1
6426
8455
-1
-1
2033
5084
-1
7904
-1
-1
-1
5905
2294
2858
6838
8536
3733
-1
-1
6262
-1
2882
5524
-1
-1
-1
6104
-1
-1
1691
3880
3394
5571
7513
1808
5243
-1
1529
2752
1378
1904
-1
-1
-1
-1
-1
-1
4855
-1
-1
-1
-1
-1
-1
-1
-1
-1
-1
2845
-1
-1
-1
-1
-1
5628
-1
3766
8376
3741
-1
-1
4642
-1
-1
5248
6919
7090
-1
-1
2693
2927
3329
-1
-1
-1
8515
-1
6718
3304
-1
3451
-1
1451
1887
4149
-1
-1
-1
-1
3888
-1
-1
4000
6141
5511
-1
-1
-1
3224
-1
-1
-1
6573
7414
-1
-1
-1
5704
1350
6410
3039
6343
4004
-1
-1
-1
-1
8109
8164
-1
-1
-1
6784
6779
1568
1870
-1
-1
-1
-1
-1
7240
4035
-1
-1
1497
-1
-1
6059
-1
2238
-1
7290
5430
-1
2379
-1
-1
4745
-1
4781
-1
-1
4601
-1
-1
-1
7150
-1
1553
-1
7520
-1
-1
-1
-1
-1
-1
-1
3794
6654
-1
-1
-1
-1
-1
-1
1419
-1
4032
-1
-1
-1
-1
1668
-1
6398
5315
8244
-1
4001
8350
-1
7644
7208
-1
-1
-1
4646
3697
1709
-1
-1
-1
-1
-1
-1
-1
-1
3057
-1
1494
-1
6170
-1
8071
-1
3745
8312
3097
-1
-1
-1
4792
-1
-1
-1
1833
-1
1627
3957
-1
5555
7911
-1
5803
-1
-1
-1
-1
-1
-1
-1
-1
-1
4345
-1
-1
8605
6988
-1
-1
-1
-1
-1
-1
-1
6139
2480
-1
1817
-1
3498
3619
-1
3724
-1
7570
-1
-1
6755
-1
-1
5195
-1
1889
-1
-1
-1
1826
5696
1261
-1
-1
-1
4053
-1
2532
-1
-1
-1
3679
-1
-1
8378
8221
-1
-1
-1
-1
1276
-1
-1
-1
2438
-1
4865
2017
7901
4971
5267
4374
-1
-1
-1
-1
3145
-1
-1
-1
3669
4996
-1
-1
-1
-1
-1
-1
-1
1658
-1
8631
5212
3609
6773
7193
-1
-1
-1
2169
5076
-1
-1
3529
-1
-1
-1
-1
-1
4990
-1
-1
-1
3778
1989
8327
7536
-1
-1
5943
-1
1868
2471
6932
5637
-1
3908
-1
-1
1699
-1
-1
-1
-1
-1
5833
-1
2490
-1
-1
-1
2743
-1
2980
5941
-1
2389
-1
5007
-1
-1
-1
4060
-1
-1
1376
-1
-1
1855
3768
-1
-1
-1
-1
-1
6264
2087
8539
-1
1958
5042
-1
7978
-1
8169
3517
2590
5873
3282
-1
1623
-1
-1
-1
-1
7002
-1
-1
-1
-1
6359
3284
4953
-1
1650
-1
-1
-1
-1
-1
8430
-1
-1
6353
-1
-1
-1
1524
8228
-1
-1
-1
5940
-1
-1
-1
-1
6848
-1
-1
-1
-1
-1
-1
-1
5969
-1
8424
-1
-1
4079
-1
3099
-1
-1
-1
8120
4174
6630
-1
-1
8560
-1
3142
-1
-1
-1
-1
3241
-1
-1
3623
-1
-1
6129
-1
-1
-1
-1
-1
-1
-1
-1
8637
-1
6408
5877
4545
2653
-1
7938
-1
4641
-1
-1
-1
-1
-1
1769
-1
3521
-1
-1
-1
7946
-1
-1
-1
2469
-1
6179
-1
-1
-1
-1
-1
5363
-1
-1
-1
-1
1936
4627
7863
-1
1279
-1
8250
-1
-1
1731
-1
-1
4043
4564
-1
1857
-1
-1
-1
-1
-1
3391
-1
3244
-1
7696
-1
-1
2641
-1
-1
8509
-1
5889
-1
-1
-1
6251
-1
2197
5924
-1
-1
8117
-1
-1
-1
2695
-1
-1
7980
-1
-1
1732
3904
-1
6570
-1
8398
-1
3746
-1
1933
-1
-1
-1
-1
-1
-1
-1
5065
5392
-1
6248
4730
-1
-1
-1
2634
-1
-1
-1
-1
2115
5369
-1
-1
-1
-1
-1
-1
-1
-1
-1
-1
-1
-1
5043
-1
-1
6138
-1
8205
-1
3342
-1
8473
3907
-1
3622
2668
-1
7888
1638
-1
-1
1317
5179
-1
-1
-1
-1
4614
1790
-1
-1
7958
-1
1598
-1
-1
3305
3486
6354
-1
2859
3287
8371
-1
-1
-1
-1
-1
-1
8399
7087
1433
1356
-1
-1
-1
2014
3576
7496
-1
5316
7501
5620
3130
-1
-1
6840
-1
-1
-1
6557
2956
-1
-1
4143
-1
-1
-1
-1
-1
-1
5029
-1
-1
-1
5853
3233
3838
-1
8644
-1
-1
7107
2942
-1
-1
6730
-1
-1
4215
6805
5068
-1
-1
-1
-1
-1
-1
3286
3141
-1
6295
-1
-1
-1
6055
2638
-1
-1
-1
1348
-1
-1
-1
-1
2899
7627
5543
6939
-1
6008
-1
8730
-1
-1
2182
-1
-1
-1
2047
-1
3419
7270
-1
-1
-1
-1
-1
3721
2321
4133
-1
6467
2821
-1
7273
4354
1260
-1
-1
8548
-1
-1
-1
6758
5493
-1
7009
-1
-1
-1
-1
-1
-1
2757
4303
-1
-1
-1
-1
-1
-1
-1
2648
3208
-1
8434
-1
5106
-1
-1
8731
-1
-1
-1
6813
-1
-1
-1
-1
1572
-1
-1
-1
-1
3796
8604
2905
-1
-1
6677
-1
2672
-1
3138
-1
-1
-1
6563
5879
-1
7241
5872
5053
-1
-1
-1
-1
-1
-1
-1
-1
-1
-1
7032
-1
-1
-1
3557
-1
8185
-1
-1
-1
-1
3708
2738
-1
6592
-1
3001
-1
-1
-1
7709
8329
-1
-1
-1
-1
-1
-1
-1
-1
-1
-1
6475
4967
-1
7045
1606
-1
-1
-1
-1
5817
5578
-1
-1
5875
-1
-1
-1
6613
-1
1622
-1
-1
-1
6594
-1
-1
-1
4845
8657
-1
-1
-1
-1
4581
-1
-1
-1
2664
-1
-1
-1
-1
-1
-1
-1
2640
-1
-1
2785
-1
6522
-1
-1
-1
-1
-1
-1
-1
-1
1682
-1
-1
-1
7340
1630
-1
1335
7784
-1
5849
8451
6012
-1
4257
-1
-1
-1
-1
-1
-1
2441
-1
-1
6075
7518
7588
8227
3527
-1
-1
3678
-1
1476
-1
-1
6485
-1
8581
-1
-1
1959
-1
-1
-1
6648
-1
-1
7332
-1
1490
-1
-1
3140
3707
4042
-1
-1
4356
-1
1444
-1
-1
8290
-1
-1
-1
-1
2299
6857
-1
-1
-1
-1
-1
-1
5583
-1
-1
-1
3147
5480
-1
-1
6997
-1
3688
-1
6943
-1
4729
-1
5290
-1
2468
-1
4452
4648
5051
7499
4381
-1
-1
7221
4691
-1
-1
-1
-1
5641
6634
-1
-1
5117
-1
-1
-1
-1
-1
7615
7374
4382
7230
-1
-1
-1
7654
-1
-1
-1
-1
3961
-1
-1
-1
4096
-1
-1
-1
1883
3439
4477
-1
-1
1486
1954
-1
2264
6366
-1
1604
-1
8565
-1
-1
-1
-1
4757
6070
-1
-1
-1
5826
8365
-1
-1
1396
7780
-1
5983
-1
-1
7283
-1
-1
6762
-1
3630
-1
-1
-1
2455
-1
-1
-1
-1
-1
-1
1385
-1
-1
1624
-1
-1
-1
4357
-1
5167
-1
-1
-1
-1
-1
-1
2860
3102
-1
-1
4248
5201
-1
2868
-1
-1
2854
-1
-1
3516
-1
2756
-1
8284
-1
-1
-1
-1
6313
-1
-1
-1
-1
-1
6061
-1
-1
2079
-1
-1
1306
-1
-1
4550
-1
-1
-1
1455
-1
4270
-1
-1
-1
-1
5204
3960
-1
-1
8519
-1
-1
-1
-1
-1
3986
-1
-1
-1
-1
-1
-1
-1
-1
-1
6966
1853
-1
2997
-1
1765
2506
8024
-1
-1
-1
-1
-1
-1
-1
-1
3634
-1
-1
-1
-1
-1
-1
-1
-1
-1
-1
3242
-1
-1
-1
-1
-1
8178
-1
3133
-1
-1
-1
-1
-1
-1
6147
-1
-1
2577
4355
2670
-1
2043
-1
-1
-1
-1
-1
-1
4493
-1
1278
-1
-1
4499
-1
5855
6709
1854
-1
-1
-1
-1
-1
6044
-1
-1
-1
-1
2709
6452
5650
2798
7021
-1
-1
5588
-1
-1
5731
-1
-1
-1
1514
-1
2136
8714
-1
5078
-1
8038
-1
-1
-1
-1
1266
-1
-1
-1
3805
-1
7391
1713
-1
-1
-1
-1
-1
-1
3701
-1
1461
5589
-1
-1
-1
-1
3811
5616
-1
5887
-1
4842
-1
3351
-1
-1
-1
-1
-1
-1
3003
4533
-1
-1
-1
-1
7490
-1
-1
6221
-1
2040
-1
5275
3762
7288
-1
-1
-1
1334
2574
-1
2476
1841
5163
5462
-1
-1
6951
-1
-1
4327
-1
-1
-1
-1
6360
2098
3312
4411
6973
1836
-1
5002
2325
-1
-1
8186
4488
-1
-1
-1
-1
-1
-1
3554
-1
1965
-1
-1
6327
7891
-1
-1
8663
7947
8421
-1
-1
2318
-1
-1
-1
2226
-1
-1
-1
-1
7601
-1
5253
3929
5196
8061
5996
-1
-1
4024
3700
1322
-1
4566
-1
5138
1895
-1
1773
3848
-1
-1
-1
7725
-1
-1
-1
-1
6062
-1
-1
-1
-1
-1
-1
3297
1949
-1
-1
2733
-1
8406
-1
2200
-1
5066
2591
-1
-1
-1
-1
-1
7482
-1
-1
-1
-1
-1
2000
-1
-1
3277
-1
-1
-1
-1
5660
-1
2420
-1
-1
-1
1753
-1
-1
-1
4580
-1
5040
-1
-1
-1
8102
4438
4238
-1
-1
7585
-1
-1
-1
-1
6793
-1
-1
7470
8567
4005
-1
3776
-1
-1
6382
-1
-1
2841
-1
-1
-1
1550
6259
-1
-1
-1
7228
3760
-1
-1
-1
1846
4224
2608
4314
-1
-1
-1
-1
-1
6734
4311
-1
-1
3772
-1
7979
-1
-1
-1
-1
4131
-1
-1
-1
-1
1845
3884
3570
-1
-1
-1
-1
4279
-1
-1
5541
1454
-1
-1
5719
-1
-1
2375
-1
-1
-1
3338
1919
-1
-1
-1
6916
7850
-1
8291
4239
-1
-1
-1
-1
-1
4010
-1
6218
4825
-1
-1
-1
-1
-1
6323
-1
-1
-1
5325
3085
-1
-1
-1
-1
-1
-1
5558
-1
-1
-1
-1
-1
-1
8252
-1
-1
-1
-1
6804
-1
-1
-1
-1
-1
-1
6504
5115
5477
3494
-1
3293
-1
-1
-1
-1
-1
-1
-1
8443
-1
-1
8042
-1
2617
4421
4687
-1
-1
3999
-1
-1
-1
5638
-1
-1
-1
2767
-1
-1
-1
-1
-1
-1
4365
4091
-1
-1
-1
-1
-1
-1
-1
-1
2894
-1
6157
-1
-1
2584
-1
-1
-1
-1
4980
-1
-1
-1
-1
1812
5640
-1
-1
-1
-1
-1
-1
7898
-1
7460
7718
-1
-1
-1
-1
-1
4302
-1
-1
-1
1876
-1
-1
-1
-1
6644
3313
1535
3275
4932
-1
-1
-1
2671
-1
-1
-1
-1
-1
-1
-1
1751
-1
-1
-1
-1
-1
-1
-1
-1
-1
-1
-1
-1
-1
-1
-1
-1
-1
-1
7135
2011
-1
-1
7439
7794
5038
2133
7271
6655
-1
5971
-1
3645
-1
-1
-1
5655
4685
-1
5544
6547
6108
4106
-1
3030
2920
5386
8319
5652
-1
-1
3913
-1
-1
-1
-1
-1
4917
3620
-1
-1
5596
6845
3378
6913
4244
5229
8082
4475
5927
6034
-1
-1
4409
2919
6972
-1
8711
3067
-1
-1
-1
-1
2657
-1
-1
-1
-1
-1
-1
5827
5890
-1
-1
8543
-1
-1
1475
-1
-1
4701
7510
-1
6421
1799
6688
4221
7091
5609
3715
7752
-1
-1
7022
-1
7112
-1
-1
-1
6033
8435
8460
-1
8026
-1
-1
5459
-1
3350
4802
-1
-1
3816
-1
-1
-1
4698
-1
3668
-1
-1
7197
3702
3214
-1
-1
-1
-1
-1
2436
-1
-1
-1
-1
-1
-1
-1
-1
-1
5492
3126
-1
-1
2207
3459
-1
-1
-1
-1
1323
3833
-1
-1
-1
-1
-1
-1
1749
5361
-1
-1
-1
3081
3771
-1
-1
-1
-1
8195
-1
-1
-1
2394
-1
-1
-1
-1
-1
6703
-1
-1
-1
-1
-1
-1
-1
-1
2828
-1
-1
2049
3791
4074
7167
-1
-1
-1
-1
-1
-1
-1
2626
-1
-1
-1
6524
-1
-1
3038
-1
1384
7577
-1
3514
-1
-1
-1
-1
-1
8646
8594
3947
-1
-1
6834
8617
-1
1974
-1
6453
2583
8685
5888
2534
2622
-1
4489
-1
1809
1380
-1
1360
-1
-1
8333
-1
-1
8489
8165
-1
2783
-1
-1
2557
-1
-1
8477
-1
-1
-1
1586
8496
4216
7920
7023
-1
-1
-1
1908
-1
-1
-1
-1
1536
-1
-1
7473
-1
3520
-1
-1
-1
6679
-1
7919
-1
-1
6604
-1
2516
-1
-1
-1
4873
-1
-1
-1
3291
-1
-1
-1
7538
2138
-1
-1
-1
-1
-1
7813
-1
-1
-1
5837
5925
-1
-1
-1
1326
-1
-1
-1
-1
5046
-1
-1
-1
2524
-1
1795
6842
-1
-1
-1
-1
4579
-1
7285
5521
-1
-1
-1
-1
8372
2322
-1
-1
4370
-1
-1
-1
-1
2431
2499
-1
4605
-1
5964
3551
-1
5970
-1
-1
5009
-1
4189
3288
-1
-1
-1
-1
3905
-1
-1
-1
2711
-1
7753
-1
-1
-1
-1
-1
-1
1338
7484
-1
-1
-1
-1
-1
-1
1600
-1
8334
6342
-1
-1
-1
4262
7035
2687
-1
-1
-1
1689
-1
8449
-1
-1
-1
-1
-1
7837
4998
-1
-1
-1
-1
3624
3860
-1
-1
7438
-1
-1
5114
4124
-1
-1
-1
4829
-1
-1
-1
4220
5294
7598
6349
2685
-1
5585
-1
8547
-1
-1
2819
-1
4921
6722
-1
1462
-1
-1
7995
-1
-1
-1
6695
-1
2569
-1
-1
-1
-1
4349
-1
-1
2511
-1
-1
4527
-1
7212
8506
-1
-1
-1
-1
-1
-1
-1
-1
-1
-1
1747
-1
6120
-1
-1
-1
-1
-1
6808
-1
4784
-1
-1
-1
-1
-1
-1
-1
-1
-1
-1
2829
-1
3471
-1
-1
3627
-1
-1
-1
8150
8076
-1
-1
-1
-1
8600
-1
-1
4140
6168
-1
-1
-1
-1
-1
-1
6174
-1
-1
-1
-1
5939
-1
6870
2400
-1
1357
-1
-1
7812
-1
4811
-1
-1
-1
-1
-1
-1
3056
-1
-1
-1
-1
-1
-1
-1
-1
-1
-1
-1
-1
8706
-1
-1
1896
-1
-1
-1
6144
-1
-1
7552
2150
-1
-1
2776
-1
-1
-1
8351
-1
5502
-1
-1
-1
-1
2497
-1
-1
-1
-1
-1
-1
-1
-1
4405
-1
-1
-1
2313
-1
2028
8520
-1
-1
-1
3984
-1
1651
6154
6806
4245
-1
-1
-1
-1
-1
-1
-1
-1
1277
-1
-1
4616
-1
7525
3005
-1
-1
5071
-1
-1
7524
3217
-1
-1
-1
-1
-1
7416
-1
5034
-1
-1
-1
6271
-1
4734
-1
-1
7116
5708
-1
6819
1432
-1
-1
7602
2720
-1
-1
-1
-1
-1
-1
-1
-1
1781
-1
-1
-1
6664
-1
-1
7247
-1
-1
3870
-1
5757
-1
4831
-1
-1
-1
8222
-1
7429
-1
-1
6714
-1
5296
-1
-1
-1
6135
-1
-1
-1
7166
-1
3246
-1
-1
-1
-1
-1
-1
-1
-1
-1
5073
-1
-1
2637
-1
-1
3095
-1
3847
7932
-1
-1
-1
-1
-1
2528
4193
4699
-1
-1
-1
-1
3868
-1
-1
-1
5869
-1
-1
-1
7884
-1
-1
-1
5618
-1
-1
4600
-1
-1
-1
-1
4219
-1
-1
5082
6437
-1
-1
-1
-1
-1
2187
-1
-1
7996
-1
4636
5461
8402
-1
-1
-1
8499
6915
-1
-1
-1
7832
4529
4046
2363
-1
4888
6618
3703
-1
-1
-1
1341
-1
-1
2563
-1
-1
2742
-1
-1
-1
-1
-1
-1
-1
-1
-1
-1
-1
-1
-1
-1
-1
-1
7883
-1
-1
1328
-1
6781
5256
-1
8454
4427
-1
-1
-1
-1
-1
7266
-1
-1
-1
-1
-1
-1
7454
-1
7961
-1
-1
-1
8246
-1
-1
-1
8011
-1
-1
6229
-1
3780
-1
-1
-1
-1
5330
-1
-1
-1
4988
6491
-1
-1
-1
-1
-1
7370
-1
7581
3492
-1
-1
-1
-1
-1
-1
-1
-1
2291
-1
-1
-1
8619
8448
-1
1530
-1
7655
5387
-1
-1
-1
1405
-1
-1
-1
3802
6122
1718
5215
-1
3579
-1
5734
-1
3370
-1
-1
-1
-1
4321
-1
-1
-1
-1
6896
3642
4814
2714
-1
-1
-1
-1
-1
4318
-1
-1
-1
-1
8231
-1
6631
-1
-1
3412
-1
6474
8145
-1
-1
5559
-1
-1
-1
-1
-1
3643
-1
-1
-1
7159
6217
-1
-1
-1
-1
-1
2337
2401
3637
-1
-1
-1
8713
-1
8089
-1
2290
-1
-1
7683
-1
-1
2069
-1
3966
-1
6393
4132
-1
-1
-1
5972
5107
-1
-1
3750
-1
2646
8025
-1
-1
-1
-1
-1
-1
5120
-1
-1
5745
3532
-1
4156
-1
6305
-1
2328
4513
4666
-1
-1
1863
-1
7561
-1
5012
4709
2507
-1
3355
7129
4261
-1
-1
-1
-1
-1
6513
1447
5926
-1
-1
-1
1373
-1
-1
1735
-1
8073
-1
-1
5519
2748
8021
8436
4211
-1
7854
3470
-1
-1
-1
1986
-1
-1
-1
-1
3387
8666
-1
5510
1657
6124
-1
3985
-1
-1
-1
-1
-1
2517
-1
3928
3156
-1
-1
-1
2674
5320
-1
3756
-1
4962
5911
5676
4033
1670
-1
-1
7459
2831
-1
-1
-1
6361
-1
1362
-1
-1
5784
-1
-1
8098
-1
-1
-1
-1
7873
-1
-1
-1
4544
-1
-1
6776
-1
-1
-1
-1
-1
2460
-1
3010
6818
-1
7184
-1
-1
1545
-1
-1
-1
-1
7733
-1
7083
-1
-1
-1
3114
-1
-1
-1
4486
-1
-1
6931
-1
-1
-1
-1
-1
-1
5685
-1
-1
-1
1964
-1
-1
2893
3683
6169
3599
-1
6110
-1
-1
-1
-1
-1
-1
7643
-1
6912
6905
-1
7676
1501
-1
-1
5424
1890
-1
-1
-1
2576
-1
-1
-1
4467
7868
-1
-1
-1
3883
-1
1441
7629
8128
-1
1596
8626
7810
-1
6486
-1
5654
-1
-1
4753
-1
-1
-1
-1
-1
-1
-1
-1
-1
2735
-1
-1
-1
-1
2843
-1
-1
8310
-1
6287
7377
-1
-1
-1
7646
-1
6539
8040
-1
-1
6471
-1
6723
6796
-1
-1
-1
5527
-1
-1
6526
3964
3289
-1
-1
-1
-1
-1
-1
-1
2050
2159
-1
-1
-1
5334
-1
3633
-1
6312
-1
-1
-1
-1
-1
7104
3616
-1
-1
-1
4798
7396
-1
-1
6668
-1
3280
-1
-1
-1
-1
-1
-1
-1
-1
8611
-1
-1
1849
1728
-1
6571
-1
7977
-1
-1
-1
-1
-1
-1
-1
-1
-1
-1
5319
-1
-1
8258
-1
-1
-1
-1
7427
-1
-1
-1
3447
-1
1619
2888
6476
5992
-1
-1
-1
-1
-1
-1
7044
-1
-1
4742
2729
7861
1252
-1
-1
-1
-1
-1
8629
-1
-1
-1
8041
-1
-1
3438
-1
-1
-1
2784
-1
-1
-1
4621
-1
-1
-1
-1
-1
-1
-1
-1
3308
6080
4401
-1
1587
4459
-1
-1
8108
-1
-1
-1
6166
-1
-1
6616
-1
-1
5710
2367
-1
-1
-1
-1
-1
-1
-1
5540
-1
-1
2550
-1
-1
-1
-1
-1
2218
1580
-1
4928
-1
-1
-1
-1
-1
-1
4524
2623
1700
-1
-1
-1
-1
1510
-1
-1
8045
-1
-1
-1
-1
-1
6552
3170
-1
-1
1730
8214
-1
-1
5147
7809
-1
8692
3927
5157
-1
-1
-1
-1
6699
3458
-1
6775
1677
7994
7945
-1
-1
3341
-1
-1
-1
-1
7907
-1
6788
-1
5203
7204
-1
-1
-1
-1
-1
-1
5622
2146
-1
-1
-1
-1
8172
-1
-1
4472
-1
7593
-1
4878
-1
-1
-1
3000
-1
-1
-1
5703
-1
-1
-1
-1
-1
-1
-1
-1
-1
1629
-1
1351
-1
-1
4167
-1
-1
-1
8090
-1
6018
-1
3175
-1
-1
-1
-1
1738
-1
4021
-1
-1
-1
2660
5722
8027
4470
7057
-1
-1
-1
4071
3563
3045
-1
-1
-1
1543
-1
6663
1764
-1
-1
-1
-1
-1
2309
-1
6705
4259
-1
4776
-1
3393
-1
3594
-1
3407
7691
8154
-1
-1
-1
-1
-1
3273
-1
3989
-1
-1
-1
-1
-1
-1
-1
-1
-1
-1
-1
7540
