6
14
15
31
37
51
53
59
68
82
84
93
123
128
136
138
163
167
168
187
197
225
246
252
253
282
294
312
314
317
339
353
387
407
417
426
436
460
464
494
495
499
521
522
541
580
583
607
624
631
638
642
648
651
652
657
662
693
695
699
702
757
766
769
770
773
778
823
835
837
849
851
854
860
866
871
885
892
898
929
936
943
965
969
977
980
985
1008
1010
1011
1012
1022
1041
1044
1053
1066
1067
1076
1077
1079
1095
1096
1105
1114
1117
1123
1128
1140
1148
1193
1197
1228
1256
1258
1259
1272
1279
1283
1284
1288
1320
1333
1339
1370
1382
1414
1423
1429
1433
1436
1443
1451
1454
1490
1494
1506
1525
1545
1546
1551
1561
1563
1564
1577
1584
1606
1622
1642
1644
1651
1670
1684
1687
1698
1703
1706
1716
1731
1733
1734
1739
1742
1745
1754
1769
1778
1787
1789
1804
1815
1820
1824
1850
1853
1861
1890
1892
1910
1911
1913
1917
1935
1943
1945
1976
1984
1987
2000
2006
2020
2022
2039
2045
2067
2078
2088
2089
2105
2111
2129
2134
2144
2149
2156
2162
2166
2172
2192
2199
2201
2212
2214
2218
2226
2228
2239
2246
2265
2275
2289
2290
2292
2297
2328
2341
2347
2356
2364
2370
2377
2413
2414
2432
2456
2463
2476
2494
2495
2499
2507
2508
2511
2529
2538
2545
2556
2567
2584
2630
2640
2674
2675
2684
2689
2700
2706
2723
2726
2745
2746
2748
2759
2764
2772
2775
2783
2797
2800
2815
2825
2834
2835
2848
2851
2861
2863
2879
2895
2900
2936
2949
2955
2974
2977
2994
3006
3007
3019
3030
3035
3056
3063
3064
3072
3073
3084
3102
3104
3109
3110
3116
3122
3125
3134
3137
3172
3176
3180
3191
3216
3218
3222
3226
3246
3251
3257
3263
3264
3266
3269
3270
3274
3275
3280
3281
3284
3289
3315
3320
3343
3372
3382
3389
3401
3404
3415
3420
3421
3425
3433
3448
3450
3476
3481
3486
3493
3505
3512
3526
3527
3530
3543
3546
3552
3568
3587
3604
3607
3622
3633
3642
3647
3655
3661
3666
3669
3671
3673
3703
3709
3717
3723
3736
3744
3745
3762
3771
3772
3780
3785
3787
3796
3808
3829
3848
3849
3864
3876
3878
3884
3913
3919
3927
3932
3942
3949
3951
3952
3960
3973
3983
3999
4029
4030
4053
4065
4076
4077
4091
4093
4113
4117
4126
4128
4136
4151
4176
4198
4211
4227
4236
4242
4248
4250
4254
4255
4283
4285
4295
4304
4306
4311
4313
4324
4325
4327
4334
4342
4346
4349
4350
4357
4365
4366
4393
4394
4403
4412
4417
4441
4442
4444
4446
4453
4462
4482
4485
4502
4528
4531
4539
4550
4557
4560
4567
4572
4575
4601
4603
4610
4628
4640
4648
4653
4668
4674
4675
4702
4706
4732
4735
4741
4774
4801
4815
4816
4818
4827
4829
4846
4857
4858
4861
4876
4881
4883
4914
4932
4933
4941
4947
4949
4956
4959
4967
4981
4984
4990
5004
5011
5020
5029
5043
5044
5055
5082
5085
5096
5099
5100
5102
5104
5107
5135
5141
5144
5191
5201
5224
5228
5230
5231
5261
5276
5281
5296
5302
5322
5326
5327
5328
5329
5341
5344
5346
5357
5373
5377
5412
5429
5432
5443
5465
5468
5492
5518
5523
5548
5561
5575
5579
5586
5629
5660
5661
5686
5696
5726
5741
5768
5774
5779
5805
5822
5824
5825
5850
5860
5863
5868
5873
5874
5886
5891
5913
5926
5928
5959
5962
6009
6012
6020
6039
6050
6059
6101
6121
6145
6164
6181
6193
6200
6206
6222
6236
6242
6251
6257
6258
6260
6263
6287
6296
6298
6325
6331
6348
6364
6425
6459
6464
6472
6479
6487
6496
6508
6510
6525
6557
6564
6578
6589
6590
6598
6615
6626
6631
6632
6633
6644
6662
6688
6698
6705
6708
6711
6775
6796
6818
6819
6820
6823
6829
6842
6844
6853
6865
6871
6877
6884
6896
6903
6913
6915
6936
6937
6942
6944
6948
6953
6959
6971
6982
6992
6993
7005
7014
7018
7040
7061
7069
7080
7089
7090
7112
7121
7136
7149
7172
7190
7193
7195
7196
7206
7217
7246
7252
7253
7254
7265
7279
7282
7286
7295
7300
7306
7311
7330
7332
7337
7339
7347
7360
7366
7367
7381
7384
7394
7398
7418
7421
7425
7433
7444
7447
7456
7466
7470
7480
7486
7509
7510
7520
7573
7575
7576
7581
7588
7589
7608
7625
7632
7639
7671
7690
7699
7720
7768
7773
7788
7791
7804
7805
7806
7808
7819
7822
7830
7836
7840
7841
7848
7856
7860
7865
7869
7873
7884
7885
7889
7890
7899
7905
7913
7916
7920
7922
7927
7929
7937
7941
7950
7953
7971
8000
8004
8010
8022
8025
8034
8039
8048
8049
8053
8064
8069
8073
8078
8082
8090
8091
8105
8113
8121
8125
8160
8172
8188
8189
8219
8222
8227
8230
8237
8246
8257
8259
8260
8266
8274
8301
8322
8325
8329
8332
8354
8390
8391
8392
8398
8405
8417
8425
8432
8453
8457
8463
8492
8497
8509
8546
8549
8561
8567
8572
8587
8590
8592
8594
8596
8601
8602
8637
8640
8643
8656
8658
8668
8677
8678
8692
8694
8714
8719
8722
8726
8732
8752
8756
8758
8762
8769
8770
8772
8789
8815
8817
8818
8823
8840
8849
8859
8873
8883
8884
8892
8898
8900
8911
8913
8924
8933
8937
8944
8945
8947
8957
8963
8978
8981
8987
9010
9018
9021
9033
9038
9044
9050
9058
9078
9103
9107
9116
9117
9135
9139
9140
9142
9169
9198
9203
9210
9216
9220
9260
9263
9275
9301
9305
9308
9319
9321
9326
9331
9335
9360
9375
9377
9379
9380
9405
9408
9433
9436
9453
9461
9462
9466
9472
9476
9477
9479
9494
9503
9505
9507
9508
9528
9543
9554
9569
9584
9605
9629
9633
9634
9649
9661
9664
9682
9692
9700
9707
9710
9725
9735
9742
9756
9763
9767
9768
9785
9800
9810
9814
9854
9865
9866
9867
9889
9901
9905
9909
9910
9927
9930
9961
9972
9978
10000
1486
7507
9454
2316
976
8849
3220
4182
8780
1797
9754
5912
751
9697
4583
6115
6425
88
2862
1256
6738
7843
8600
164
2424
418
6292
4609
6096
2115
4303
175
1021
4746
929
6840
567
3341
8574
9130
2690
4516
6631
148
7102
8108
3144
340
1984
1887
983
3250
1448
3987
6669
3768
8271
5205
4649
2020
7345
4889
4360
4616
939
4968
5213
4062
3070
3659
1658
413
6532
2207
9984
4130
844
6611
6951
9075
7543
3425
4436
3732
3027
122
5117
8083
7727
4343
5740
7177
4359
5536
446
1778
4023
6565
2255
3368
9264
4750
5848
8902
6365
2346
4926
1640
8005
2063
8981
6437
8310
6212
1780
4995
5632
7187
8154
5766
8689
120
8063
4008
7051
2050
720
8269
8769
5061
3198
2466
83
6829
2620
205
3561
826
7522
8192
9707
3427
9815
8131
8779
6997
6393
7979
5673
9310
2422
5413
5130
7704
1065
8751
9128
5191
4720
684
7580
1183
145
3919
3196
8791
7105
992
6700
2516
4058
55
5805
3779
4234
619
5216
7927
2628
5481
1227
3876
5665
2218
5035
4741
2903
381
9343
7452
5412
4736
4639
429
8466
9935
3862
3470
1005
9392
3377
476
5194
3415
9007
139
7622
3894
7500
9594
2664
835
6689
5335
7603
6189
8847
3576
317
1469
8967
3914
1266
3713
3580
7846
8514
7169
2452
848
4686
8410
7236
4826
2959
6314
6545
4344
4050
1302
606
1969
9862
985
9135
998
3153
4285
1634
685
1327
9285
7171
7591
5429
5619
9351
4158
9482
8531
4567
8327
8826
7233
3394
1125
8646
5735
6996
5315
1143
5779
7462
2798
1454
163
1151
1403
1918
9827
1287
1554
543
7914
1738
6564
2057
9840
8025
5890
6381
878
6928
792
7787
1962
6204
8895
4251
804
7646
8642
4259
6942
2962
3736
7561
5067
5484
6383
430
9119
4733
5010
7385
653
8633
7497
5502
5080
9990
7392
9092
6675
6074
4053
1274
6681
7890
6929
7275
5907
6659
5361
2680
6616
7030
1323
5037
6941
1586
3898
6384
4223
7076
7043
6307
8576
3226
6491
3871
7666
5720
9923
5182
7939
3693
1032
3496
7903
9372
7126
770
158
4758
4932
3305
2742
7468
7062
2343
5826
9249
8198
4764
4389
4418
7248
6043
4299
3112
7974
3756
1131
9383
6957
7777
3281
5422
2410
7473
7669
322
2269
2286
5825
9693
3246
9664
2797
69
7181
610
5517
5675
666
3587
4729
719
2767
6359
8391
6138
4527
4488
2258
4575
6582
6830
3855
1570
3712
472
8328
7352
780
9144
7994
8761
9485
1790
922
1957
9739
7469
7962
9468
8654
3556
8231
2669
7989
5587
9865
7906
9123
6922
8495
7145
9993
3419
391
3695
9719
7005
9497
7922
3041
1627
5197
5529
4519
8776
9854
5065
1431
3668
9723
1413
5272
2370
789
6129
355
7144
4544
8716
1086
7514
8307
6191
6664
4017
6629
7872
3652
9430
4205
9720
2500
1582
138
4504
632
224
7324
8740
6541
7446
2318
4870
1701
4963
334
7780
7806
2022
7904
5047
2204
1186
4189
6206
362
2351
9829
7434
2967
5490
9874
4134
4311
2240
4247
6118
2617
6155
7615
2910
5550
4351
8524
5096
4749
3372
5324
1423
3720
6037
4598
9381
5624
8857
6831
9679
7384
9100
3086
2155
9239
6932
4256
2545
9049
9407
2921
347
8230
1813
6453
1264
7630
9974
6557
3225
6033
4188
1267
9109
8058
4719
1963
361
226
2226
4565
9450
943
5151
9634
7772
7084
7432
2382
1700
5279
465
2528
1851
608
7172
9587
960
7350
1481
5379
3294
3990
5026
1839
4920
9939
7822
6967
297
1947
185
1751
9265
6573
7871
1157
7401
3426
2795
8777
5523
2220
3051
5244
2551
7155
3829
3509
341
6122
4144
3972
741
5388
903
9549
6211
8701
1263
6500
5987
5147
2178
2476
9181
2687
3765
1935
5834
3602
9808
3381
4690
192
6128
7050
4884
9224
5493
2471
1819
7604
8185
722
1514
7536
4077
2066
165
4730
1489
5060
1338
674
9258
4814
1942
531
9044
7304
3072
9160
3945
7513
8377
2264
6855
871
5247
6645
1966
4181
1018
7483
7096
3867
5261
3482
2761
5543
7095
7537
9751
1552
6024
4289
5602
5310
7362
2694
1033
2394
8052
7046
3932
2025
6058
6586
6304
1513
8420
8945
5696
6733
7853
821
5078
7277
5334
6117
9724
3346
189
8625
3930
1027
6039
9919
1928
6602
287
8000
4063
4330
5319
5267
6809
5470
1890
1729
7298
5556
8678
4174
4001
511
641
3631
6995
58
9764
4494
5585
2492
7590
2443
1394
7143
3658
4241
9164
8519
5129
2754
9331
70
1138
3865
1566
3134
5717
599
6195
2328
5404
4663
5466
1769
1812
4296
1592
344
8451
4334
3434
9386
9761
644
5401
5822
3218
5631
5672
5408
5944
9496
3276
5904
146
745
1095
6193
701
3935
706
1577
6264
7413
1310
5115
4139
1672
6646
3639
8850
5563
2641
6920
6876
5145
6510
889
8561
7869
1445
7111
4524
7204
3445
1128
395
9291
7332
5595
6334
997
4187
5810
1
8957
194
8831
6408
4512
1344
3857
9524
8075
8946
8725
8228
6672
755
5161
2974
419
1768
1188
2858
5661
5235
3286
5851
1492
9902
3913
532
9467
1204
3579
9698
4789
972
6754
9154
7406
1727
8515
275
1008
2436
9391
9633
1127
7418
8763
5242
8690
5480
1075
2031
7293
2735
5930
9833
7208
4659
2099
9667
4290
6399
8640
2570
2409
4947
5746
1153
5114
1353
2849
4179
822
7980
1620
4993
6452
8051
9521
1725
2864
3640
4805
1147
7800
6333
6035
1456
6042
261
288
4549
3531
9971
3151
7683
8383
8261
2119
7817
7921
6515
4571
9848
2865
2895
7702
2932
7900
6907
1460
9018
8015
3810
9359
6776
9201
9841
6676
3170
5488
8614
3413
7972
8553
8256
806
7400
4417
6742
5237
7279
1758
444
350
3893
3819
8844
8999
9329
9917
8384
3762
1061
7369
2648
4398
9821
5343
6883
6070
229
447
7728
4199
